2007.812500 0.199397
2007.568359 0.200381
2007.568359 0.200687
2007.324219 0.198934
2011.474609 0.199299
2007.080078 0.200368
2013.916016 0.199014
2005.371094 0.200327
2010.253906 0.201366
2000.244141 0.201317
2014.892578 0.200696
2013.427734 0.200131
2008.789062 0.200371
2008.544922 0.199499
2015.625000 0.199126
2015.869141 0.201346
2008.056641 0.199000
2006.591797 0.204639
2004.638672 0.198097
2012.451172 0.200156
2001.708984 0.201246
2006.347656 0.199018
2007.812500 0.202767
2013.916016 0.199763
2010.986328 0.200804
2006.103516 0.200133
2007.080078 0.198732
2013.916016 0.197699
2013.183594 0.197988
2011.230469 0.199672
2012.939453 0.198919
2011.474609 0.199893
2016.845703 0.197784
2007.568359 0.199285
2015.869141 0.199005
2008.544922 0.199987
2014.404297 0.202210
2015.136719 0.200679
2007.080078 0.201068
2011.962891 0.201577
2013.671875 0.200134
2008.789062 0.201085
2019.287109 0.200315
2015.869141 0.200736
2008.544922 0.199044
2007.080078 0.199778
2008.544922 0.199372
2005.615234 0.201634
2009.277344 0.200162
2010.498047 0.200644
2006.591797 0.199132
2013.427734 0.198734
2004.394531 0.199640
2014.892578 0.199189
2016.601562 0.198344
2012.451172 0.200888
2016.357422 0.199550
2008.544922 0.198624
2012.207031 0.201170
2001.708984 0.198684
2003.173828 0.201164
2010.498047 0.199854
2011.230469 0.202925
2019.042969 0.202111
2003.417969 0.201466
2010.498047 0.200250
2008.789062 0.201081
2001.953125 0.200296
2010.009766 0.200917
2010.498047 0.200661
2004.882812 0.200941
2005.126953 0.201282
2008.544922 0.198643
2013.916016 0.198660
2011.962891 0.199653
2003.662109 0.200875
2015.380859 0.202187
2009.765625 0.200525
2001.464844 0.198870
2008.300781 0.200140
2007.324219 0.199258
2006.347656 0.200124
2008.544922 0.201350
2008.789062 0.200807
2014.404297 0.199464
2013.183594 0.200055
2013.671875 0.199948
2005.126953 0.198265
2004.638672 0.200338
2008.056641 0.199214
2001.464844 0.200287
2019.287109 0.199286
2005.859375 0.201566
2004.150391 0.200723
2017.822266 0.198854
2007.324219 0.199033
2009.521484 0.198974
2008.789062 0.199820
2009.277344 0.200349
2013.183594 0.198743
2011.474609 0.199535
2006.591797 0.199809
2009.033203 0.199550
2018.554688 0.199811
2007.324219 0.198740
2005.859375 0.199532
2003.906250 0.200315
2014.648438 0.200769
2006.835938 0.198270
2000.976562 0.198814
2014.892578 0.199425
2010.498047 0.198682
2010.986328 0.198555
2012.451172 0.199022
2002.441406 0.199993
2005.126953 0.198120
2006.347656 0.200330
2011.230469 0.200215
2009.765625 0.199210
2016.357422 0.200198
2014.404297 0.200999
2009.765625 0.197160
2002.197266 0.199369
2016.357422 0.199448
2008.789062 0.201225
2018.554688 0.197499
2013.916016 0.197548
2023.925781 0.200298
2004.150391 0.199037
2014.160156 0.200359
2005.371094 0.198982
2003.417969 0.200848
2008.056641 0.200724
2021.972656 0.200800
2012.695312 0.199346
2005.615234 0.197685
2014.160156 0.200689
2015.625000 0.199458
2008.056641 0.198134
2013.183594 0.200232
2012.207031 0.199085
2020.263672 0.200269
2005.615234 0.198251
2016.113281 0.200429
2008.789062 0.199043
2008.789062 0.198936
2012.451172 0.199184
2004.638672 0.199974
2002.197266 0.199882
2011.718750 0.198474
2014.648438 0.200206
2008.789062 0.198834
2017.578125 0.199456
2010.253906 0.199496
2008.056641 0.199475
2013.427734 0.198459
2009.277344 0.201304
2011.962891 0.198797
2002.685547 0.199377
2005.615234 0.201040
2016.845703 0.201457
2011.474609 0.200136
2009.277344 0.199527
2000.000000 0.198740
2005.615234 0.199824
2005.859375 0.199933
2009.033203 0.200093
2006.103516 0.199861
2014.404297 0.199999
2011.474609 0.201192
1999.755859 0.199813
2010.986328 0.199859
2014.404297 0.199199
2008.544922 0.198918
1997.802734 0.200419
2008.544922 0.201262
2012.207031 0.198470
2005.371094 0.199523
2019.775391 0.201052
2012.451172 0.200088
2009.765625 0.201937
2011.230469 0.198874
2003.173828 0.199261
2011.962891 0.198228
2013.916016 0.198667
2014.404297 0.198913
2010.009766 0.197445
2008.789062 0.199501
2009.521484 0.198426
2014.160156 0.198039
2005.371094 0.199051
2010.253906 0.199577
2013.183594 0.199942
2008.789062 0.201067
2008.056641 0.199033
2014.160156 0.197808
2007.812500 0.200431
2015.136719 0.201760
2017.333984 0.199345
2012.207031 0.200471
2008.544922 0.200287
2011.230469 0.200440
2017.822266 0.197887
2004.882812 0.199287
2013.916016 0.200393
2018.798828 0.201425
2008.789062 0.199956
2008.056641 0.200734
2011.474609 0.198582
2015.380859 0.200209
2016.601562 0.199466
2006.591797 0.198311
2002.197266 0.200276
2014.160156 0.199215
2008.544922 0.199394
2010.498047 0.198138
2003.173828 0.200039
2005.126953 0.201694
2007.080078 0.200980
2009.277344 0.199437
2012.939453 0.199573
2012.695312 0.200562
2005.126953 0.201400
2008.544922 0.198448
2003.906250 0.199080
2010.009766 0.199162
2017.089844 0.200304
2009.277344 0.200222
2004.882812 0.199190
2010.498047 0.200965
2012.207031 0.200200
2010.009766 0.200244
2009.521484 0.201348
2005.371094 0.199482
2003.662109 0.201248
2004.394531 0.198513
2016.357422 0.199224
2010.009766 0.200812
2008.056641 0.199457
2017.822266 0.199459
2011.718750 0.198172
2009.521484 0.198016
2009.765625 0.200365
2006.591797 0.200895
2009.277344 0.201371
2010.742188 0.200903
2004.882812 0.200037
2004.394531 0.200111
2011.474609 0.199345
2010.498047 0.196462
2016.113281 0.200965
2005.126953 0.197403
2000.732422 0.200456
2014.404297 0.200228
2012.695312 0.199337
2014.160156 0.199950
2005.371094 0.200578
2015.625000 0.199599
2008.789062 0.199495
2008.789062 0.197628
2003.417969 0.197789
2008.300781 0.200100
2008.789062 0.200521
2000.000000 0.200166
2014.160156 0.200001
2015.869141 0.201484
2012.939453 0.200337
2013.671875 0.201204
2009.765625 0.199326
2011.230469 0.199806
2007.812500 0.200815
2011.718750 0.199169
2009.033203 0.200041
2008.789062 0.198746
2015.625000 0.199572
2017.333984 0.199020
2002.685547 0.201840
2015.869141 0.199858
2016.113281 0.200652
2012.939453 0.197902
2005.859375 0.200590
2004.394531 0.200227
2014.404297 0.198346
2008.056641 0.202142
2003.173828 0.200679
2010.742188 0.199377
2004.394531 0.200040
2014.160156 0.200737
2009.521484 0.198109
2010.253906 0.199479
2016.357422 0.198861
2010.986328 0.202289
2016.357422 0.200430
2004.150391 0.197434
2008.789062 0.199115
2006.103516 0.199240
2013.671875 0.200500
2002.929688 0.201153
2004.150391 0.198980
2012.207031 0.200658
2012.939453 0.199640
2010.742188 0.199361
2009.033203 0.199723
2006.835938 0.199567
2015.625000 0.200502
2007.568359 0.199654
2007.324219 0.199102
2008.056641 0.201820
2012.939453 0.199476
2005.371094 0.201451
2017.089844 0.199487
2008.544922 0.201169
2015.869141 0.198403
2006.347656 0.201359
2006.835938 0.199496
2003.662109 0.199766
1998.046875 0.200154
2007.080078 0.200186
2015.136719 0.201240
2013.916016 0.200551
2011.474609 0.199677
2005.371094 0.199704
2009.765625 0.202265
2009.033203 0.198079
2015.136719 0.200235
1999.267578 0.200191
2013.671875 0.200765
2010.986328 0.199779
2016.601562 0.200175
2006.347656 0.200886
2003.417969 0.200885
2010.742188 0.200237
2010.253906 0.202964
2012.695312 0.199214
2010.253906 0.199465
2011.230469 0.198305
2011.962891 0.201593
2010.253906 0.197625
2005.615234 0.197072
2009.765625 0.199904
2009.521484 0.201299
2010.498047 0.201098
2012.695312 0.199857
2005.615234 0.199232
2013.427734 0.199955
2010.986328 0.200526
2010.009766 0.198388
2011.962891 0.198070
2007.324219 0.198905
2011.962891 0.200385
2007.568359 0.198439
2016.845703 0.199513
2002.197266 0.200042
2010.742188 0.199610
2018.798828 0.199798
2003.906250 0.200412
2010.986328 0.199814
2008.300781 0.197395
2011.474609 0.199733
2006.835938 0.199744
2004.882812 0.200137
2002.441406 0.200631
2010.986328 0.200182
2011.718750 0.199303
2005.371094 0.202062
2004.394531 0.200423
2006.835938 0.199253
2008.056641 0.200468
2012.451172 0.201072
2012.451172 0.198204
2004.638672 0.200121
2010.986328 0.200916
2011.230469 0.199785
1998.291016 0.197204
2023.193359 0.201740
2008.300781 0.199975
2011.962891 0.199429
2012.695312 0.197934
2006.591797 0.199010
2015.136719 0.199893
2008.544922 0.196995
2008.300781 0.200906
2015.625000 0.198701
2006.103516 0.200939
2012.695312 0.201097
2009.277344 0.200928
2013.671875 0.202406
2006.591797 0.201962
2014.404297 0.200280
2009.033203 0.200025
2011.718750 0.196485
2009.033203 0.202414
2009.277344 0.199516
2010.253906 0.197913
2001.953125 0.200354
2007.568359 0.200873
2012.939453 0.197676
2015.625000 0.202296
2002.685547 0.199712
2014.648438 0.200416
2011.718750 0.198710
2005.126953 0.201257
2024.658203 0.201427
2014.160156 0.198935
2004.150391 0.201013
2003.417969 0.200591
2007.568359 0.199755
2004.882812 0.200741
2010.009766 0.200889
2009.033203 0.200402
2004.394531 0.199851
2008.056641 0.199299
2006.591797 0.199971
2008.544922 0.201111
2010.742188 0.198138
2008.056641 0.198896
2008.056641 0.200295
2009.033203 0.200586
2014.160156 0.198853
2001.220703 0.202106
2007.080078 0.198814
2004.150391 0.199363
2013.427734 0.197847
2007.812500 0.201263
2004.394531 0.201077
2004.150391 0.198802
2010.253906 0.198169
2012.695312 0.199252
2014.648438 0.199343
2010.498047 0.200040
2011.718750 0.198848
2008.544922 0.199409
2013.671875 0.199759
2014.404297 0.202213
2013.671875 0.198085
2009.277344 0.200126
2005.615234 0.199323
2015.869141 0.198692
2014.404297 0.200062
2013.183594 0.200778
2008.300781 0.200034
2011.230469 0.199270
2010.253906 0.198614
2011.474609 0.199266
2009.521484 0.199293
2020.996094 0.199427
2007.324219 0.200112
2013.183594 0.199707
2012.207031 0.199874
2017.822266 0.199605
2012.451172 0.199493
2012.451172 0.199790
2012.451172 0.199681
2014.404297 0.200588
2004.150391 0.200116
2010.498047 0.200598
2007.568359 0.198738
2012.939453 0.202209
2012.695312 0.200338
2007.812500 0.198225
2011.718750 0.199250
2016.357422 0.200056
2001.708984 0.199478
2010.742188 0.199731
2007.568359 0.201083
2010.742188 0.197549
2012.207031 0.199707
2007.324219 0.199936
2008.056641 0.201147
2005.126953 0.200303
2009.277344 0.201054
2008.789062 0.199658
2012.939453 0.199506
2010.009766 0.199181
2004.638672 0.200723
2010.742188 0.202067
2010.253906 0.199498
2008.544922 0.200647
2011.962891 0.200658
2005.371094 0.198176
2009.765625 0.198975
2010.498047 0.200174
2003.173828 0.199429
2002.441406 0.198525
2003.662109 0.200085
2009.033203 0.198684
2007.568359 0.199498
2011.962891 0.201027
2008.544922 0.200029
2017.089844 0.199447
2016.601562 0.199189
2009.033203 0.199957
2001.220703 0.200004
2006.103516 0.201047
2014.648438 0.198708
2015.380859 0.199339
2004.150391 0.197353
2011.474609 0.200543
2017.333984 0.200749
2018.066406 0.200278
2013.671875 0.200107
2006.591797 0.199924
2004.882812 0.203095
2006.103516 0.199799
2012.939453 0.201512
2006.591797 0.199257
2009.033203 0.201800
2010.498047 0.198073
2009.033203 0.199777
2002.197266 0.199371
2007.812500 0.199271
2017.333984 0.200988
2005.859375 0.200396
2016.845703 0.199974
2010.742188 0.200940
2014.648438 0.199816
2010.742188 0.200356
2012.939453 0.200734
2007.324219 0.200706
2009.521484 0.198765
2004.150391 0.199465
2007.568359 0.200292
2011.718750 0.198783
2011.718750 0.201301
2011.474609 0.200417
2006.103516 0.199379
2012.207031 0.200897
2013.916016 0.199990
2003.173828 0.198235
1997.070312 0.198482
2011.230469 0.200138
2005.126953 0.200941
2013.427734 0.199509
2010.498047 0.198424
2008.789062 0.201375
2006.103516 0.199631
2006.591797 0.199468
2012.451172 0.198181
2009.277344 0.200235
2005.859375 0.200284
2023.437500 0.198342
2012.939453 0.201582
2013.183594 0.200222
2019.531250 0.198860
2004.882812 0.199736
2003.173828 0.200270
2014.160156 0.197750
2013.183594 0.198701
2009.277344 0.198450
2010.742188 0.199456
2012.695312 0.198887
2003.662109 0.198518
2008.544922 0.201875
2008.300781 0.201476
2009.277344 0.200387
2010.498047 0.201848
2011.230469 0.200706
2009.521484 0.200341
2010.742188 0.199546
2007.324219 0.200263
2012.939453 0.199877
2014.404297 0.199530
2009.521484 0.198840
2010.986328 0.198734
2010.742188 0.200080
2004.638672 0.200261
2006.835938 0.198681
2009.521484 0.198353
2014.648438 0.200164
2009.765625 0.201073
2020.263672 0.198577
2012.695312 0.199611
2008.544922 0.199328
2015.380859 0.200313
2006.347656 0.201102
2010.742188 0.200936
2013.427734 0.200359
2009.521484 0.202425
2010.742188 0.199034
2010.009766 0.199089
2008.544922 0.200784
2012.207031 0.200057
2009.033203 0.201162
2009.033203 0.199376
2007.568359 0.200113
2001.953125 0.200391
2012.207031 0.199436
2010.009766 0.199165
2001.708984 0.200247
2003.417969 0.198687
2010.742188 0.198380
2018.310547 0.198718
2011.718750 0.200941
2015.380859 0.202689
2013.916016 0.199507
2017.578125 0.198253
2001.464844 0.201327
2001.708984 0.199389
2004.638672 0.198544
2017.822266 0.200423
2010.253906 0.199289
2005.126953 0.200079
2013.427734 0.200439
2009.765625 0.200281
2007.324219 0.199534
2003.906250 0.200123
2009.765625 0.198606
1995.361328 0.200350
2008.056641 0.198782
2002.929688 0.200543
2011.718750 0.200339
2000.976562 0.200340
2011.718750 0.199225
2011.474609 0.199600
2013.916016 0.200916
2017.333984 0.199373
2009.765625 0.200416
2008.056641 0.200005
2013.183594 0.199590
2009.033203 0.199489
2012.207031 0.199219
2014.160156 0.199499
2004.394531 0.201476
2010.986328 0.199112
2013.183594 0.200494
2010.009766 0.202528
2001.220703 0.199146
2014.160156 0.200027
2002.929688 0.200791
2012.695312 0.199369
2018.066406 0.200688
2010.742188 0.201435
2011.962891 0.201575
2014.404297 0.199439
2011.962891 0.200749
2018.066406 0.200326
2011.474609 0.198649
2020.263672 0.198806
2006.591797 0.199905
2014.648438 0.201356
2003.906250 0.200302
2005.615234 0.200600
2000.732422 0.199979
2003.662109 0.198163
2007.080078 0.198840
2005.859375 0.199667
2012.695312 0.200964
2003.662109 0.198877
2010.498047 0.199070
2010.009766 0.201721
2002.197266 0.197176
2009.277344 0.200757
2008.789062 0.199390
2010.986328 0.198697
2012.207031 0.200319
2010.986328 0.198984
2012.939453 0.199374
2020.263672 0.201322
2015.380859 0.200658
2013.671875 0.201865
2008.544922 0.200017
2015.380859 0.199868
2011.230469 0.199909
2012.695312 0.199800
2012.451172 0.199474
2008.300781 0.199695
2014.160156 0.202139
2014.160156 0.198107
2009.521484 0.199223
2007.324219 0.201391
2009.033203 0.200619
2013.916016 0.198105
2009.277344 0.198892
2016.845703 0.199486
2010.742188 0.198074
2010.742188 0.199369
2010.742188 0.200086
2003.906250 0.201012
2007.812500 0.199553
2009.277344 0.201288
2016.845703 0.200398
2009.521484 0.200829
2007.324219 0.201082
2010.742188 0.200552
2012.695312 0.200110
2014.404297 0.200424
2015.136719 0.201203
2010.009766 0.197839
2007.812500 0.200548
2005.615234 0.199030
2015.625000 0.198587
2010.986328 0.199549
2015.625000 0.198895
2014.404297 0.198509
2017.578125 0.200437
2009.277344 0.199543
2008.789062 0.200231
2005.859375 0.200050
2001.708984 0.200391
2012.695312 0.199162
2014.160156 0.199765
2008.789062 0.200755
2009.765625 0.199398
2015.380859 0.198545
2011.230469 0.198400
2019.775391 0.199855
2013.183594 0.198414
2011.474609 0.200236
2012.939453 0.200964
2005.859375 0.198595
1998.046875 0.201767
2010.009766 0.198743
2005.615234 0.202757
2009.521484 0.200980
2016.357422 0.199361
2010.742188 0.199792
2024.414062 0.199248
2012.207031 0.199419
2005.859375 0.201003
2017.089844 0.199191
2017.822266 0.200255
2016.601562 0.199986
2010.498047 0.197850
2011.230469 0.199355
2012.207031 0.199289
2017.089844 0.199564
2007.568359 0.199272
2015.625000 0.198764
2010.986328 0.198381
2005.615234 0.200604
2012.451172 0.200422
2001.220703 0.199612
2013.916016 0.200212
2002.929688 0.200762
2009.277344 0.204023
2008.300781 0.200721
2010.253906 0.200611
2008.789062 0.201181
2004.394531 0.198918
2005.859375 0.201311
2016.113281 0.198899
1999.755859 0.197770
2009.765625 0.199648
2011.474609 0.198756
2010.498047 0.200772
2008.300781 0.202645
2010.253906 0.200012
2007.568359 0.199320
2009.521484 0.199164
2005.371094 0.199110
2009.521484 0.197721
2012.451172 0.199642
2017.333984 0.200870
2004.150391 0.199746
2003.417969 0.198546
2010.986328 0.201970
2004.882812 0.199736
2003.662109 0.198841
2007.812500 0.201742
2011.474609 0.201800
2010.009766 0.198915
2009.277344 0.199739
2015.625000 0.198856
2012.695312 0.200729
2012.695312 0.203914
2004.394531 0.199692
2012.451172 0.200580
2009.033203 0.198818
2015.625000 0.200112
2006.103516 0.200698
2015.136719 0.201345
2009.521484 0.198063
2002.197266 0.199532
2015.869141 0.198587
2010.009766 0.200739
2007.080078 0.200108
2006.591797 0.201130
2006.103516 0.202062
2009.033203 0.201024
2007.812500 0.199408
2012.939453 0.199150
2012.451172 0.199667
2014.892578 0.200281
2010.009766 0.199587
2004.638672 0.198954
2008.789062 0.201446
2011.718750 0.201308
2013.427734 0.201367
2003.662109 0.201595
2013.427734 0.199509
2012.695312 0.199238
2009.521484 0.198770
2007.324219 0.199333
2010.742188 0.199940
2013.427734 0.200864
2014.404297 0.199283
2010.986328 0.202422
2020.019531 0.200230
2008.056641 0.198837
2014.892578 0.199946
2014.404297 0.199070
2013.427734 0.200142
2008.056641 0.198625
2005.859375 0.202398
2002.197266 0.198563
2016.357422 0.197545
2008.056641 0.200253
2007.812500 0.199761
2004.638672 0.200887
2010.986328 0.199169
2008.056641 0.200401
2016.601562 0.198653
2011.962891 0.200848
2009.277344 0.201100
2014.648438 0.200212
2014.892578 0.200225
2007.812500 0.199374
2012.695312 0.199245
2011.230469 0.199537
2011.962891 0.199622
2000.976562 0.197707
2010.498047 0.200918
2011.718750 0.199167
2009.033203 0.197290
2015.625000 0.200088
2015.869141 0.199875
2013.671875 0.201971
2011.474609 0.200429
2010.009766 0.200594
2014.160156 0.198793
2003.662109 0.199927
2005.615234 0.200795
2009.277344 0.199068
2010.253906 0.199436
2007.568359 0.201144
2016.845703 0.198636
2011.718750 0.201033
2012.695312 0.202400
2008.544922 0.198752
2009.277344 0.200281
2008.300781 0.200932
2008.056641 0.200941
2013.183594 0.199233
2011.962891 0.200379
2011.474609 0.199396
2007.812500 0.199000
2010.009766 0.199296
2014.404297 0.198937
2009.277344 0.199308
2009.521484 0.199632
2012.939453 0.200143
2009.033203 0.201082
2008.300781 0.201011
2012.451172 0.199474
2006.835938 0.199346
2011.962891 0.198389
2010.742188 0.201539
2010.986328 0.199997
2009.521484 0.200232
2005.859375 0.202350
2012.207031 0.198728
2004.638672 0.200341
2012.939453 0.199976
2020.263672 0.201053
2009.765625 0.200902
2007.324219 0.200280
2004.394531 0.198356
2018.310547 0.200658
2005.859375 0.200159
2013.183594 0.199586
2005.615234 0.199845
2003.662109 0.198816
2003.906250 0.199222
2002.929688 0.201373
2006.835938 0.199706
2009.277344 0.198367
2010.742188 0.200502
2007.080078 0.201824
2010.009766 0.198051
2009.277344 0.198215
2006.347656 0.200456
2014.404297 0.199410
2016.601562 0.200659
2007.324219 0.198846
2008.544922 0.199812
2012.451172 0.199402
2004.394531 0.200833
2006.347656 0.197984
2011.474609 0.200956
2012.695312 0.202107
2011.230469 0.201199
2006.347656 0.199982
2003.173828 0.201393
2008.789062 0.198918
2006.591797 0.200613
2002.929688 0.197141
2009.277344 0.201834
1996.826172 0.199619
2009.521484 0.200470
2001.708984 0.200697
2020.019531 0.201232
2003.417969 0.198908
2009.277344 0.200066
2008.789062 0.200772
2007.080078 0.199474
2008.056641 0.199508
2006.103516 0.198328
2011.718750 0.200386
2002.441406 0.200587
2005.859375 0.201793
2007.812500 0.201015
2019.042969 0.201192
2014.892578 0.199924
2004.638672 0.200670
2006.347656 0.200071
2007.324219 0.199378
2006.347656 0.200928
2007.324219 0.198092
2008.789062 0.200575
2001.220703 0.199722
2005.859375 0.198445
2003.906250 0.200213
2010.498047 0.201374
2012.207031 0.200879
2005.371094 0.201371
2004.150391 0.198274
2000.000000 0.198642
2016.845703 0.200272
2015.869141 0.199152
2008.789062 0.198458
2004.394531 0.199876
2010.986328 0.199226
2013.183594 0.200341
2009.765625 0.198209
2007.080078 0.200086
2010.986328 0.199865
2008.789062 0.200284
2004.150391 0.200767
2007.080078 0.200456
2013.427734 0.198276
2023.437500 0.198255
2018.798828 0.199360
2005.126953 0.199529
2010.253906 0.201297
2015.869141 0.199240
2006.835938 0.199126
2005.859375 0.200478
2002.197266 0.199372
2005.859375 0.200922
2004.394531 0.198556
2010.498047 0.201884
2015.136719 0.198945
2017.822266 0.201942
2012.695312 0.200599
2007.568359 0.199856
2005.126953 0.199780
2018.554688 0.200316
2009.521484 0.199514
2010.986328 0.199233
2012.207031 0.200258
2015.380859 0.199993
2007.568359 0.200041
2012.939453 0.202423
2002.441406 0.199923
2016.601562 0.200841
1998.291016 0.200498
2012.451172 0.198650
2017.578125 0.198797
2012.695312 0.197991
2011.474609 0.201264
2016.845703 0.200215
2013.916016 0.198894
2006.835938 0.199890
2010.498047 0.200337
2003.906250 0.198038
1999.755859 0.200377
2011.474609 0.200070
2004.150391 0.200450
2014.648438 0.200381
2014.648438 0.199467
2010.498047 0.198911
2020.019531 0.200341
2014.404297 0.200194
2014.892578 0.198803
2008.056641 0.199988
2013.671875 0.199735
2005.371094 0.200171
2001.953125 0.200894
2009.765625 0.198382
2009.277344 0.201034
2004.882812 0.201043
2011.230469 0.198955
2008.056641 0.200710
2013.183594 0.199166
2003.173828 0.197498
2008.789062 0.199164
2006.591797 0.200323
2019.287109 0.198562
2016.357422 0.201532
2002.197266 0.199134
