1997.314453 0.202893
2000.976562 0.201201
1998.535156 0.203797
1997.802734 0.202620
1998.779297 0.203034
1998.535156 0.202774
2001.464844 0.200062
2004.394531 0.204098
1996.337891 0.203592
1989.501953 0.204135
1994.384766 0.204476
1995.605469 0.200936
2006.347656 0.203771
1995.361328 0.203064
2004.638672 0.202143
2005.859375 0.201670
1999.511719 0.201659
1998.779297 0.201697
2002.197266 0.202982
2003.417969 0.203715
1999.511719 0.202966
2002.929688 0.201461
1998.779297 0.203067
1999.267578 0.201891
2000.488281 0.202419
2001.464844 0.203058
2008.544922 0.202731
1998.779297 0.203693
2000.488281 0.201237
2005.371094 0.202956
2008.056641 0.200936
1996.826172 0.203631
2007.080078 0.204515
1995.117188 0.203776
2003.906250 0.202247
1995.849609 0.202145
2006.103516 0.202705
2004.394531 0.202062
1988.769531 0.201607
2000.732422 0.204957
2004.150391 0.201677
2000.000000 0.201098
2000.244141 0.201806
1994.384766 0.203783
1996.337891 0.203278
2011.474609 0.202839
2000.732422 0.202270
1999.267578 0.203078
2004.882812 0.202380
1998.779297 0.202775
1996.826172 0.202902
2001.220703 0.200912
2001.953125 0.201257
2004.882812 0.203537
1997.558594 0.201967
2000.732422 0.202348
2000.244141 0.202435
1999.267578 0.201917
1998.535156 0.201184
1997.558594 0.203955
2000.732422 0.202683
1999.511719 0.203681
1999.511719 0.199802
1994.873047 0.202291
1997.558594 0.202840
2004.150391 0.200724
1996.826172 0.201961
2011.718750 0.203580
2001.220703 0.201471
1997.070312 0.203789
1994.628906 0.203180
1998.291016 0.203232
1999.511719 0.203290
2004.150391 0.199957
1999.755859 0.204045
2000.732422 0.201146
2001.220703 0.202211
1994.628906 0.202575
1996.582031 0.204457
1997.558594 0.204371
2001.953125 0.203846
2005.615234 0.203185
2001.220703 0.201305
2000.244141 0.201386
1999.511719 0.203148
2002.441406 0.202832
1995.361328 0.203113
1995.605469 0.204113
2001.220703 0.201651
1999.511719 0.202111
2000.976562 0.201655
2000.488281 0.201331
1999.023438 0.202902
1995.361328 0.203533
1996.582031 0.201259
2006.103516 0.202436
2001.953125 0.201221
1997.314453 0.203949
1995.605469 0.202791
2000.000000 0.203221
1998.291016 0.202252
2002.441406 0.202772
1996.826172 0.202239
1993.896484 0.201459
1998.046875 0.202842
2007.568359 0.202836
1995.849609 0.204920
1990.966797 0.200026
1998.535156 0.205009
1995.117188 0.199593
2000.244141 0.202677
1993.896484 0.203049
2001.953125 0.202463
2006.347656 0.203065
1998.046875 0.202512
2007.568359 0.201733
1997.070312 0.201666
2001.464844 0.202813
1992.675781 0.201253
2001.464844 0.201528
2001.220703 0.202650
2003.173828 0.204177
2000.732422 0.201356
1992.919922 0.201643
2002.441406 0.201594
2002.929688 0.202498
2004.882812 0.202627
2002.441406 0.201557
1989.257812 0.201848
1999.023438 0.202847
2003.173828 0.202841
1997.070312 0.203666
1998.046875 0.201931
2008.544922 0.202439
1999.755859 0.203036
2005.126953 0.201802
1994.384766 0.203212
2002.929688 0.200986
1998.291016 0.202986
2003.173828 0.200607
2000.244141 0.203296
1998.046875 0.201591
2000.488281 0.201679
2000.732422 0.202105
1997.558594 0.202665
1994.628906 0.201404
1997.802734 0.201093
1997.070312 0.202429
1994.384766 0.201127
1999.755859 0.202405
2006.103516 0.202890
2001.708984 0.201586
1994.140625 0.200188
1994.873047 0.203393
1989.013672 0.201408
2008.056641 0.201382
1990.966797 0.203390
2001.953125 0.202570
1997.314453 0.203594
2008.544922 0.202170
2000.244141 0.204162
2004.150391 0.202289
1998.046875 0.203258
2001.708984 0.202369
2005.859375 0.201907
2005.615234 0.201067
2000.488281 0.202030
1996.093750 0.199956
2003.417969 0.202313
1991.943359 0.201952
2000.732422 0.202589
1999.511719 0.203689
1998.291016 0.203500
2005.371094 0.202042
1997.802734 0.203880
1998.291016 0.200490
1995.605469 0.202311
1997.070312 0.202221
1999.755859 0.200853
1998.779297 0.201914
2002.441406 0.202181
1996.093750 0.201816
1996.337891 0.200737
1997.558594 0.201296
2000.732422 0.203551
1995.849609 0.202349
2001.464844 0.202003
2000.976562 0.204151
1998.046875 0.204817
2004.882812 0.202249
2000.000000 0.202679
1998.779297 0.202189
1996.826172 0.204678
1993.164062 0.201188
2000.976562 0.201155
2007.080078 0.203370
2002.685547 0.201715
1997.802734 0.200952
2000.000000 0.202216
2000.488281 0.200856
1999.023438 0.203097
2006.835938 0.204998
2000.976562 0.201248
1998.535156 0.201401
2000.244141 0.203416
2002.929688 0.202903
2000.244141 0.201316
1994.140625 0.201490
1995.605469 0.201479
1997.070312 0.201421
2003.417969 0.201231
1992.431641 0.200660
2004.150391 0.199585
1998.291016 0.201868
1996.337891 0.201300
1997.314453 0.203243
2004.394531 0.201073
2000.000000 0.200652
1992.919922 0.203276
1999.511719 0.202175
2000.000000 0.202293
1994.384766 0.201311
2002.685547 0.201894
2005.371094 0.203520
1999.511719 0.202382
2001.220703 0.203596
1999.511719 0.202549
1996.337891 0.202777
2005.859375 0.202235
1999.755859 0.201363
1997.070312 0.204726
2009.277344 0.202825
1995.849609 0.202430
1992.675781 0.201739
2003.906250 0.203449
2000.732422 0.203065
1994.628906 0.202358
1995.849609 0.202597
2002.441406 0.199891
2002.929688 0.203210
2001.220703 0.202231
1999.023438 0.204711
2000.000000 0.200809
1994.140625 0.203190
2001.220703 0.204372
2007.080078 0.202514
1995.361328 0.202642
2008.789062 0.202313
2003.662109 0.202478
2010.742188 0.201907
1993.896484 0.203768
2010.986328 0.202949
1999.511719 0.203654
2004.394531 0.202548
2005.859375 0.202380
2007.080078 0.203400
1997.802734 0.201953
2002.197266 0.201815
2000.000000 0.202726
1997.558594 0.201052
2007.812500 0.201436
1995.849609 0.202964
1999.755859 0.200982
1993.652344 0.202362
2009.033203 0.202330
2000.732422 0.202200
1999.023438 0.201813
1999.023438 0.203515
2000.000000 0.201988
2000.488281 0.201898
1997.070312 0.202270
1998.046875 0.202744
1998.779297 0.202657
1994.140625 0.200660
2004.882812 0.201964
2005.615234 0.203228
1991.455078 0.202623
1998.046875 0.202062
2005.615234 0.203860
2001.953125 0.201454
1994.384766 0.202389
2000.732422 0.200484
2004.394531 0.202658
1996.582031 0.203866
1998.779297 0.202731
2000.244141 0.204418
2001.464844 0.200838
1997.070312 0.204246
1995.849609 0.206120
1997.070312 0.200978
1994.628906 0.202793
1996.826172 0.201946
2007.080078 0.201837
1994.140625 0.203143
2004.394531 0.201912
2004.394531 0.201255
1996.582031 0.201018
2006.347656 0.203047
2001.464844 0.202162
2000.488281 0.202117
1998.046875 0.202123
2008.300781 0.201028
1994.628906 0.204506
2004.150391 0.203434
1998.535156 0.201711
2005.371094 0.202201
1999.755859 0.202877
2007.568359 0.202630
1998.535156 0.198929
1998.046875 0.200874
2006.835938 0.202018
1998.779297 0.203992
1994.384766 0.201475
2000.000000 0.203886
2005.615234 0.202966
1998.535156 0.200499
1998.779297 0.202602
1998.291016 0.201386
1999.267578 0.203208
2003.173828 0.202149
2002.441406 0.202402
2004.150391 0.202867
2000.976562 0.202458
1995.361328 0.203096
1999.023438 0.202226
1998.046875 0.204786
1998.779297 0.202483
2002.197266 0.202545
2001.220703 0.202399
1998.046875 0.203851
2005.371094 0.202253
2003.906250 0.201594
2005.371094 0.201137
1991.210938 0.204166
2000.244141 0.201666
2000.732422 0.201577
1999.755859 0.201249
1998.291016 0.200255
1997.314453 0.200885
1998.291016 0.200758
1998.535156 0.201320
2003.417969 0.201276
2001.464844 0.201758
2006.835938 0.202390
1992.431641 0.201894
1995.117188 0.200592
2002.197266 0.202594
2000.488281 0.199285
2000.244141 0.202717
1996.093750 0.202011
1991.455078 0.202677
2004.394531 0.203449
2000.976562 0.202901
1993.652344 0.201205
1996.582031 0.201059
2001.708984 0.202457
2000.000000 0.203942
1999.511719 0.202973
2002.441406 0.202122
2007.568359 0.200493
1989.990234 0.202320
1999.511719 0.202276
1998.291016 0.202875
2003.173828 0.201879
2008.300781 0.203372
2007.568359 0.202992
2001.220703 0.202881
1997.558594 0.203711
1996.582031 0.202489
1998.046875 0.203079
2007.080078 0.201419
2001.464844 0.201650
1999.511719 0.203068
2000.732422 0.205957
1998.535156 0.199248
2001.220703 0.202996
2001.464844 0.203636
1993.896484 0.201581
2000.732422 0.203296
1994.384766 0.201606
1992.919922 0.201586
2006.103516 0.201619
2004.394531 0.200697
1997.070312 0.203465
1999.023438 0.202540
2006.347656 0.201462
1997.070312 0.202154
2003.906250 0.202343
1995.849609 0.202669
2000.488281 0.202903
1987.304688 0.199245
1994.873047 0.204013
1994.384766 0.202573
2000.732422 0.200355
1996.337891 0.202678
2001.464844 0.202279
1999.755859 0.203684
1994.628906 0.201776
1998.779297 0.201492
1995.605469 0.204952
1996.093750 0.201995
2001.220703 0.202419
2006.103516 0.200446
1996.337891 0.201517
1995.361328 0.202685
1996.582031 0.200531
1993.896484 0.200875
2001.953125 0.203494
1996.582031 0.202079
1991.699219 0.202905
1990.966797 0.202792
2005.859375 0.203740
1995.605469 0.201079
2003.906250 0.201862
2001.220703 0.200068
2011.718750 0.201949
1998.291016 0.203035
1993.164062 0.204000
1998.046875 0.203654
2003.662109 0.202457
1998.291016 0.200494
1998.046875 0.201994
1998.291016 0.202512
2001.953125 0.202920
1999.267578 0.202510
2001.953125 0.203626
2004.394531 0.202869
2000.976562 0.201944
1998.535156 0.203061
1998.535156 0.199550
1997.070312 0.204231
1992.187500 0.201205
1995.849609 0.201047
1993.896484 0.202660
1989.257812 0.201388
1999.267578 0.201385
2000.488281 0.202450
1998.535156 0.202680
1995.361328 0.202652
2001.220703 0.202208
2006.591797 0.203066
2001.953125 0.202293
2001.464844 0.200177
1992.675781 0.201105
1991.943359 0.200873
2000.732422 0.200464
2001.953125 0.203247
1997.802734 0.203753
2000.732422 0.203821
2002.685547 0.203223
1991.699219 0.202096
1991.943359 0.202163
1999.511719 0.201704
2000.000000 0.202990
2002.685547 0.201837
2004.394531 0.201510
1998.046875 0.202366
2003.173828 0.203020
2006.103516 0.201669
2000.488281 0.203387
1995.605469 0.200746
2003.417969 0.201383
2001.220703 0.202038
2003.906250 0.202218
2004.882812 0.202184
1997.314453 0.203759
1992.187500 0.202588
2000.488281 0.203055
2001.464844 0.203246
2004.882812 0.204342
2004.394531 0.202248
2000.000000 0.204325
2006.103516 0.201675
1997.558594 0.199537
1994.140625 0.204672
1996.337891 0.202948
1994.384766 0.202969
1994.384766 0.201173
1999.755859 0.201677
1999.755859 0.202850
1993.408203 0.200943
1998.046875 0.201117
2001.708984 0.199552
2001.464844 0.201912
2003.662109 0.201658
2000.000000 0.201995
1997.314453 0.200736
2003.417969 0.203534
1998.779297 0.201775
2003.662109 0.203485
1990.234375 0.202296
1999.267578 0.203499
2001.464844 0.202649
2000.000000 0.203101
1995.605469 0.202581
1996.337891 0.203245
2000.976562 0.203832
2002.197266 0.202072
1992.919922 0.202164
1990.234375 0.202212
2001.464844 0.202521
2004.882812 0.203221
2009.033203 0.203015
2013.183594 0.205077
1994.628906 0.202899
1998.046875 0.202954
2003.173828 0.203947
2005.371094 0.200833
2003.173828 0.203449
1999.023438 0.202448
1996.093750 0.205384
2002.441406 0.201906
2000.488281 0.203005
2006.347656 0.202294
2003.417969 0.203227
1998.535156 0.201281
1997.558594 0.202419
1995.605469 0.201347
2003.662109 0.204216
2006.835938 0.204053
2002.197266 0.202034
1998.535156 0.201652
1998.291016 0.202060
1996.826172 0.205348
1998.046875 0.203034
2000.000000 0.200459
1992.675781 0.203925
2003.173828 0.204318
2001.220703 0.201100
2004.638672 0.202214
1995.361328 0.203100
1995.605469 0.202980
2005.126953 0.201375
2002.197266 0.202163
1998.291016 0.201318
1990.722656 0.201355
2002.197266 0.201627
1997.314453 0.202356
2003.417969 0.203645
2002.929688 0.202340
2001.708984 0.199986
1994.140625 0.203414
2002.685547 0.203967
2000.732422 0.202833
1996.337891 0.202256
1997.070312 0.201036
1999.267578 0.201677
2010.986328 0.202534
1997.802734 0.203592
2005.859375 0.201857
1992.919922 0.201875
2004.394531 0.201174
1992.675781 0.203640
1993.164062 0.204519
2003.173828 0.203449
1997.070312 0.203117
1996.582031 0.203372
2011.230469 0.201149
1997.314453 0.202366
1993.408203 0.201976
2003.417969 0.203392
2002.929688 0.201769
2001.220703 0.201746
1999.023438 0.201325
2001.464844 0.202532
1998.535156 0.202013
1994.873047 0.202529
1998.046875 0.199756
1994.873047 0.202624
2004.394531 0.204173
2001.220703 0.202599
1995.849609 0.202048
1999.755859 0.202395
1996.337891 0.204208
2000.488281 0.202418
1998.046875 0.201957
2006.835938 0.202633
1994.873047 0.202144
1998.535156 0.203430
2002.197266 0.200935
2000.488281 0.202713
2004.150391 0.204084
2006.103516 0.202555
2006.591797 0.203273
2000.732422 0.202011
1993.164062 0.201217
2001.953125 0.201885
1991.455078 0.204061
1999.511719 0.200741
1998.535156 0.201706
1997.314453 0.201749
2001.708984 0.202691
1994.873047 0.202233
1992.675781 0.203430
2000.244141 0.202529
1994.140625 0.201206
1997.802734 0.203082
2001.953125 0.203129
1995.117188 0.202434
2000.488281 0.203279
2003.662109 0.205221
2000.000000 0.201105
1997.558594 0.201952
1997.558594 0.201262
2000.244141 0.203929
1992.431641 0.202066
1993.164062 0.201065
2000.732422 0.201437
2000.488281 0.202842
1997.802734 0.205078
1996.337891 0.203247
1999.755859 0.202234
2000.732422 0.203324
2000.000000 0.203420
2000.488281 0.201270
1994.873047 0.201891
2003.662109 0.201697
1994.628906 0.203050
2003.417969 0.201493
2000.244141 0.201266
2001.708984 0.200492
1998.535156 0.201077
1992.431641 0.201838
1996.337891 0.202152
1993.408203 0.201027
1997.314453 0.202674
1995.605469 0.203503
1998.779297 0.202921
1995.849609 0.201214
1997.802734 0.200682
1999.023438 0.203880
2000.732422 0.203920
1997.558594 0.202997
1999.267578 0.202775
2000.488281 0.201125
1997.070312 0.202389
1998.291016 0.201428
2001.464844 0.203662
1999.755859 0.201769
1998.779297 0.203384
2000.488281 0.201244
1998.779297 0.203668
2001.953125 0.202770
2005.859375 0.201135
1995.849609 0.199024
1989.501953 0.201931
2000.488281 0.202167
2001.464844 0.201631
2004.394531 0.202879
2009.277344 0.202930
1995.849609 0.201930
2002.441406 0.202623
2003.906250 0.203801
1996.582031 0.201495
1996.826172 0.201860
2001.464844 0.200573
2007.324219 0.201783
1998.779297 0.202458
2001.464844 0.203823
1993.652344 0.201667
1998.291016 0.205226
2001.464844 0.201842
1996.337891 0.201191
1995.117188 0.201971
1997.070312 0.202587
1997.802734 0.202324
2007.568359 0.202418
2000.244141 0.202858
2003.417969 0.200789
1994.384766 0.202525
2001.953125 0.202351
1997.558594 0.200031
1995.605469 0.200513
1996.826172 0.203691
2008.789062 0.200288
2004.394531 0.202814
2003.417969 0.202159
2005.371094 0.204060
1999.023438 0.203076
2002.441406 0.201371
2005.859375 0.201549
2000.488281 0.202557
2002.441406 0.203953
2003.173828 0.202269
2002.197266 0.205116
1995.117188 0.203709
2004.150391 0.202173
2002.929688 0.201599
2004.882812 0.203659
1997.558594 0.202443
2003.906250 0.202354
2004.638672 0.203472
1994.140625 0.204055
1992.187500 0.203292
2011.230469 0.200375
2002.929688 0.201513
2004.394531 0.203085
2003.173828 0.202608
2001.953125 0.200365
2002.197266 0.202481
1999.755859 0.201513
1989.257812 0.202587
1996.582031 0.203212
2001.464844 0.201015
2003.417969 0.201933
1992.187500 0.202953
2001.708984 0.201787
2005.371094 0.202671
1997.558594 0.200869
2009.521484 0.203387
1999.267578 0.203673
2006.103516 0.201865
1997.558594 0.202930
1997.070312 0.202321
2002.441406 0.203328
1992.675781 0.201767
2000.000000 0.203390
1998.535156 0.202844
1996.093750 0.203670
1995.849609 0.202787
2000.244141 0.202083
1994.628906 0.200086
2008.789062 0.202272
1992.919922 0.203975
1992.187500 0.200423
2005.615234 0.202541
2003.173828 0.201383
1991.699219 0.202482
2004.638672 0.203421
1995.849609 0.200562
1993.164062 0.202716
2000.488281 0.203266
1994.140625 0.201700
2000.732422 0.203157
1998.779297 0.202416
2006.835938 0.201250
2009.277344 0.202681
2004.638672 0.202681
2003.662109 0.200350
2002.197266 0.202755
2001.220703 0.203693
1994.140625 0.201290
2002.929688 0.201850
1999.755859 0.203031
1998.291016 0.202485
2005.371094 0.202353
2003.417969 0.203337
2001.464844 0.201626
1995.361328 0.202209
2005.371094 0.202658
2001.464844 0.203516
1996.337891 0.201768
2004.150391 0.201490
1999.511719 0.203164
1998.535156 0.200481
2002.685547 0.201580
1999.023438 0.201345
2008.544922 0.203749
1995.361328 0.203232
2010.498047 0.202244
2005.859375 0.201177
2000.976562 0.202658
2000.732422 0.203336
1994.140625 0.201557
1999.023438 0.202463
1998.779297 0.202002
2001.953125 0.203351
2004.882812 0.203464
2001.708984 0.202045
2001.708984 0.201394
1994.873047 0.203473
2003.173828 0.203585
2000.976562 0.201306
1998.291016 0.202638
1997.558594 0.201934
2000.000000 0.199654
1992.919922 0.202437
2003.662109 0.204726
1992.919922 0.202876
2007.080078 0.202141
2005.615234 0.201910
1993.164062 0.202859
1994.628906 0.201122
2000.488281 0.203260
1998.535156 0.203547
1994.873047 0.200882
1993.164062 0.203289
2000.732422 0.203410
2002.685547 0.202190
1997.070312 0.202120
2003.662109 0.203681
1997.558594 0.202176
1999.023438 0.200761
1999.267578 0.202153
1994.384766 0.203044
2000.732422 0.203830
2001.953125 0.203877
1996.582031 0.201728
1994.384766 0.201558
2005.371094 0.202376
2001.220703 0.200747
1999.023438 0.201592
1998.291016 0.202048
1999.511719 0.202898
1999.511719 0.202200
2000.976562 0.201326
1999.755859 0.203140
2006.103516 0.202304
1997.314453 0.202055
1999.023438 0.202982
2000.976562 0.202708
1996.826172 0.201355
1991.699219 0.204128
1990.478516 0.202981
2002.685547 0.200009
2004.394531 0.202250
1993.164062 0.200643
1999.755859 0.203719
2000.000000 0.201177
1998.046875 0.201474
2004.638672 0.201493
1998.779297 0.203418
1995.605469 0.202519
1989.013672 0.201611
1998.535156 0.201988
1996.826172 0.201891
1999.023438 0.203211
2003.173828 0.202300
2000.244141 0.202974
2000.732422 0.201889
2000.244141 0.204004
2003.173828 0.201393
2004.394531 0.201569
1998.535156 0.203069
2006.103516 0.203259
1996.093750 0.203513
2004.882812 0.203978
2002.929688 0.201607
2004.150391 0.200210
2002.685547 0.201896
1998.291016 0.198687
2004.150391 0.202265
2007.812500 0.204368
2007.568359 0.202622
2004.394531 0.202240
2003.173828 0.203025
2002.929688 0.202342
1996.582031 0.200810
1999.023438 0.202824
1995.849609 0.202674
2002.441406 0.203659
1995.361328 0.201924
2005.371094 0.203149
2003.417969 0.204026
2001.464844 0.202587
1995.117188 0.200529
2000.488281 0.202295
1998.779297 0.200600
2004.638672 0.203434
1996.093750 0.203363
1996.582031 0.203431
1997.802734 0.203576
1997.314453 0.200578
2008.056641 0.202805
1994.140625 0.203418
1998.779297 0.202421
1994.384766 0.204459
2003.417969 0.202808
2009.765625 0.202015
2002.929688 0.201832
2000.976562 0.201399
1998.779297 0.202398
2003.417969 0.202913
1995.361328 0.203257
1998.291016 0.205179
2001.953125 0.201412
1996.826172 0.204509
1994.628906 0.202790
1997.070312 0.202732
2005.126953 0.201601
2003.173828 0.202766
1998.535156 0.200749
1998.291016 0.201086
2002.197266 0.203190
1999.755859 0.202228
1996.337891 0.203025
2000.976562 0.202140
1996.826172 0.203825
1992.431641 0.201839
2001.953125 0.201112
1997.314453 0.204427
2006.835938 0.201773
1992.919922 0.204093
1997.802734 0.202580
2001.464844 0.202508
2003.173828 0.201313
2004.394531 0.201179
1995.361328 0.201669
2001.708984 0.202014
1998.291016 0.203501
2002.441406 0.203427
1998.046875 0.201309
2003.417969 0.202350
1998.291016 0.202590
1997.070312 0.201195
2001.708984 0.202109
2005.126953 0.201460
1991.455078 0.200732
1994.873047 0.203326
1997.558594 0.202794
1998.535156 0.202558
1999.511719 0.203014
1992.187500 0.203508
2004.394531 0.203138
2000.244141 0.202274
1998.535156 0.202191
1996.826172 0.202715
2000.488281 0.204183
1989.257812 0.202391
1998.779297 0.202220
1999.023438 0.201401
2001.953125 0.202939
2004.882812 0.202506
2003.417969 0.204816
2000.488281 0.203818
2000.732422 0.201865
1993.164062 0.201884
2000.488281 0.202375
2000.732422 0.201218
2002.197266 0.202109
1996.337891 0.203277
1993.652344 0.201489
1992.431641 0.202018
1990.966797 0.202111
2000.976562 0.202790
2000.000000 0.203116
1996.337891 0.200745
1997.070312 0.201611
1999.511719 0.203937
2000.488281 0.203776
1993.652344 0.203148
2005.371094 0.200895
1999.755859 0.201830
2002.929688 0.202550
2003.662109 0.202732
2000.244141 0.200659
2000.976562 0.201276
2001.220703 0.202207
2001.708984 0.203315
2000.732422 0.202858
2001.220703 0.201402
1991.943359 0.203707
1999.023438 0.201763
1991.699219 0.203884
2000.976562 0.202305
1997.314453 0.201653
2002.441406 0.200311
1995.849609 0.203217
1993.408203 0.201692
1999.267578 0.201975
1995.605469 0.202722
2007.080078 0.202433
2004.882812 0.200929
2000.488281 0.203301
1997.314453 0.201851
2001.953125 0.202193
1996.826172 0.202632
1995.605469 0.201126
1995.849609 0.203206
1995.361328 0.202558
2008.056641 0.202528
1999.023438 0.201547
1999.755859 0.200361
1996.582031 0.203163
2007.568359 0.202517
2005.859375 0.202600
1998.779297 0.202953
1996.826172 0.204428
2003.906250 0.201765
1997.802734 0.201162
2001.464844 0.202547
2003.173828 0.203342
1996.826172 0.200467
1996.093750 0.202597
2006.103516 0.201959
1992.919922 0.200592
1994.384766 0.203464
2000.976562 0.203018
1997.070312 0.201882
2013.183594 0.200565
1996.826172 0.200680
1992.187500 0.202039
2006.591797 0.203816
2000.488281 0.203290
2003.417969 0.201384
1998.046875 0.202795
1995.849609 0.202639
1995.605469 0.202839
2000.976562 0.203797
1999.755859 0.200856
