2014.892578 0.202720
2010.986328 0.205383
2012.695312 0.203654
2009.765625 0.202526
2008.789062 0.202867
2013.183594 0.202870
2020.996094 0.204020
2014.892578 0.203102
2018.066406 0.203917
2008.544922 0.204424
2013.916016 0.204006
2007.812500 0.203366
2015.869141 0.204079
2011.718750 0.204419
2009.277344 0.203280
2011.474609 0.204958
2022.216797 0.204106
2010.009766 0.202944
2009.765625 0.203354
2016.601562 0.204804
2017.578125 0.204272
2016.113281 0.202399
2018.066406 0.205000
2007.324219 0.203468
2014.892578 0.203060
2013.427734 0.203218
2016.601562 0.205034
2017.822266 0.204494
2016.357422 0.202320
2014.892578 0.203963
2003.662109 0.204870
2015.380859 0.202050
2008.056641 0.202643
2012.207031 0.202718
2004.638672 0.204089
2012.939453 0.203497
2006.835938 0.201708
2020.751953 0.202980
2022.705078 0.205697
2012.695312 0.202302
2008.789062 0.202668
2004.638672 0.204906
2014.648438 0.206346
2003.173828 0.204387
2018.066406 0.204342
2012.695312 0.203400
2008.789062 0.206587
2009.521484 0.204563
2017.822266 0.200926
2012.939453 0.204301
2009.521484 0.202833
2020.507812 0.205306
2014.404297 0.203146
2015.625000 0.204171
2020.507812 0.202065
2016.357422 0.204720
2010.986328 0.204813
2009.765625 0.204371
2020.019531 0.205025
2016.357422 0.202337
2011.230469 0.204844
2014.892578 0.204409
2014.404297 0.204750
2008.544922 0.203940
2015.380859 0.204251
2006.347656 0.205106
2011.230469 0.204567
2015.625000 0.203360
2011.230469 0.203167
2008.300781 0.203540
2010.986328 0.204971
2009.277344 0.203285
2014.160156 0.202722
2021.240234 0.204655
2013.427734 0.204255
2021.728516 0.202738
2007.812500 0.205762
2011.962891 0.204071
2016.601562 0.203917
2021.484375 0.204367
2012.695312 0.204574
2015.625000 0.206085
2010.253906 0.201987
2010.498047 0.203948
2015.869141 0.202881
2007.568359 0.204435
2014.160156 0.201537
2016.845703 0.206089
2018.066406 0.204248
2008.300781 0.202382
2014.404297 0.205381
2013.671875 0.203890
2013.671875 0.204132
2010.986328 0.204606
2002.441406 0.203961
2014.892578 0.203624
2007.324219 0.203345
2007.568359 0.203516
2023.681641 0.203087
2009.033203 0.203519
2002.197266 0.203823
2003.662109 0.203418
2007.080078 0.206138
2014.648438 0.205071
2014.404297 0.206184
2008.056641 0.202323
2014.160156 0.204130
2015.869141 0.202945
2013.183594 0.205664
2013.671875 0.203630
2018.066406 0.204642
2013.427734 0.204721
2012.207031 0.203896
2007.324219 0.204065
2008.544922 0.203783
2014.404297 0.201682
2016.113281 0.204916
2009.033203 0.203336
1997.314453 0.204988
2011.718750 0.203350
2011.474609 0.203583
2011.230469 0.202896
2013.916016 0.203270
2006.103516 0.202642
2014.160156 0.202803
2001.220703 0.202933
2014.160156 0.203922
2016.357422 0.204099
2008.056641 0.203176
2010.498047 0.202493
2015.136719 0.203853
2011.962891 0.205618
2013.671875 0.203047
2008.544922 0.203737
2006.835938 0.206174
2020.019531 0.205015
2004.638672 0.203360
2013.916016 0.203545
2009.521484 0.202404
2015.869141 0.204512
2013.916016 0.206030
2018.310547 0.205101
2013.916016 0.201987
2013.916016 0.203083
2011.230469 0.204174
2015.136719 0.204445
2011.962891 0.205719
2010.742188 0.201638
2011.230469 0.204522
2006.103516 0.203136
2010.253906 0.206763
2008.300781 0.204041
2012.695312 0.202829
2013.671875 0.204880
2017.089844 0.203538
2017.822266 0.200855
2011.230469 0.203161
2007.812500 0.203383
2024.414062 0.204910
2010.253906 0.204542
2015.625000 0.204419
2009.277344 0.204005
2014.404297 0.202647
2013.427734 0.204024
2022.216797 0.204478
2004.882812 0.202118
2008.789062 0.205130
2010.986328 0.204137
2011.230469 0.203824
2016.845703 0.203345
2018.554688 0.202932
2013.427734 0.203774
2010.498047 0.202337
2023.193359 0.203991
2009.765625 0.207736
2020.751953 0.204349
2013.916016 0.204595
2016.845703 0.205702
2008.789062 0.202891
2018.310547 0.203557
2010.986328 0.201296
2010.498047 0.202917
2011.474609 0.204184
2018.798828 0.204544
2018.554688 0.205159
2016.357422 0.204241
2006.591797 0.204480
2018.798828 0.202405
2004.150391 0.203093
2013.427734 0.203218
2021.972656 0.203908
2009.765625 0.204903
2016.601562 0.203892
2014.160156 0.204622
2012.451172 0.204114
2018.554688 0.204014
2012.695312 0.205170
2026.367188 0.204142
2012.207031 0.204795
2020.751953 0.201498
2024.902344 0.203108
2007.568359 0.204789
2011.962891 0.202132
2008.789062 0.203271
2008.300781 0.204565
2014.648438 0.204435
2009.521484 0.203701
2016.357422 0.202958
2010.986328 0.202848
2017.578125 0.205773
2011.474609 0.204376
2013.916016 0.203740
2019.042969 0.204507
2015.625000 0.203841
2007.324219 0.204588
2012.207031 0.202133
2021.728516 0.203916
2016.845703 0.204956
2015.625000 0.204576
2013.671875 0.206639
2008.789062 0.204847
2009.033203 0.204369
2015.625000 0.204203
2009.765625 0.204464
2019.531250 0.202623
2005.859375 0.203317
2019.287109 0.202624
2012.695312 0.205343
2002.929688 0.203022
2018.066406 0.205809
2014.892578 0.204194
2014.648438 0.204350
2008.544922 0.204322
2015.136719 0.202430
2012.451172 0.203987
2011.718750 0.202715
2008.544922 0.202307
2013.427734 0.202543
2017.578125 0.203110
2012.207031 0.203165
2012.939453 0.203141
2011.962891 0.204075
2021.240234 0.202041
2015.625000 0.202368
2010.498047 0.202506
2010.009766 0.201379
2011.718750 0.203135
2019.531250 0.204740
2008.300781 0.204036
2018.066406 0.205270
2014.892578 0.202049
2015.136719 0.204602
2015.380859 0.204978
2018.066406 0.203937
2015.136719 0.204263
2012.695312 0.201298
2018.066406 0.205151
2013.427734 0.203144
2015.869141 0.204175
2014.892578 0.203697
2014.648438 0.202876
2006.835938 0.204698
2009.277344 0.205358
2008.300781 0.203379
2011.230469 0.203203
2019.775391 0.206253
2011.474609 0.203281
2012.695312 0.204848
2009.765625 0.202717
2016.601562 0.204252
2010.742188 0.202898
2016.601562 0.202803
2011.230469 0.205544
2012.207031 0.204023
2017.822266 0.204335
2015.625000 0.204710
2012.451172 0.202523
2011.230469 0.204730
2015.136719 0.201026
2016.601562 0.203317
2010.498047 0.204853
2015.625000 0.200909
2012.939453 0.204378
2010.498047 0.204245
2007.812500 0.204060
2014.160156 0.205495
2011.230469 0.203822
2011.474609 0.206877
2024.658203 0.203324
2016.357422 0.204435
2008.300781 0.201894
2017.089844 0.202642
2013.916016 0.204387
2020.751953 0.204881
2011.474609 0.204737
2005.371094 0.204829
2005.615234 0.203753
2011.962891 0.203577
2004.882812 0.203966
2013.916016 0.204017
2007.812500 0.204550
2015.625000 0.203412
2005.615234 0.205742
2011.962891 0.205488
2004.638672 0.204403
2009.277344 0.203383
2015.625000 0.200930
2011.230469 0.203894
2011.962891 0.205052
2004.882812 0.200302
2005.126953 0.203983
2015.625000 0.203246
2006.591797 0.204167
2007.812500 0.202363
2004.394531 0.205415
2009.033203 0.204481
2024.658203 0.204588
2015.380859 0.204713
2015.380859 0.203473
2014.160156 0.202798
2013.183594 0.204692
2015.625000 0.204139
2008.300781 0.204250
2015.869141 0.203598
2016.845703 0.202458
2016.845703 0.205004
2014.648438 0.202449
2002.441406 0.204072
2013.916016 0.204213
2014.160156 0.203689
2016.601562 0.204752
2003.906250 0.205235
2012.451172 0.204099
2007.812500 0.206380
2013.916016 0.204412
2020.507812 0.202277
2008.300781 0.204123
2009.277344 0.202967
2016.601562 0.202597
2009.277344 0.205535
2009.033203 0.201256
2012.207031 0.202484
2014.648438 0.203186
2018.066406 0.203898
2017.333984 0.203554
2012.451172 0.203704
2008.300781 0.205289
2010.742188 0.202598
2013.916016 0.202792
2012.207031 0.203674
2022.949219 0.202316
2014.160156 0.205913
2004.882812 0.203575
2021.972656 0.204285
2016.113281 0.202820
2013.427734 0.204273
2019.042969 0.204107
2009.765625 0.203490
2014.160156 0.201966
2017.822266 0.201714
2015.869141 0.203503
2009.521484 0.203636
2014.648438 0.202595
2017.822266 0.203958
2021.240234 0.204197
2017.089844 0.203954
2005.126953 0.203564
2012.695312 0.203441
2014.404297 0.203795
2016.113281 0.203189
2015.869141 0.205499
2017.333984 0.204115
2008.544922 0.202344
2007.568359 0.202652
2020.996094 0.204442
2015.380859 0.201228
2013.916016 0.203160
2011.474609 0.202458
2008.789062 0.203163
2016.357422 0.205460
2016.113281 0.202449
2012.207031 0.204048
2018.554688 0.202758
2008.544922 0.204009
2010.009766 0.204428
2016.601562 0.204651
2010.253906 0.205221
2005.371094 0.204151
2010.009766 0.204979
2012.207031 0.202489
2010.253906 0.203728
2014.892578 0.203825
2012.207031 0.202957
2009.033203 0.204765
2022.705078 0.205057
2011.962891 0.203815
2004.638672 0.203061
2018.066406 0.204789
2018.798828 0.202615
2013.916016 0.204897
2013.916016 0.201717
2012.939453 0.206229
2015.869141 0.202226
2007.812500 0.202334
2011.474609 0.203980
2013.916016 0.202659
2006.591797 0.204437
2008.300781 0.203482
2020.996094 0.204148
2013.671875 0.205640
2014.648438 0.203896
2018.798828 0.204893
2015.380859 0.204793
2010.742188 0.204218
2009.033203 0.205238
2011.962891 0.203612
2015.869141 0.204212
2012.451172 0.205087
2013.671875 0.203454
2012.939453 0.205517
2018.066406 0.204660
2009.521484 0.203665
2016.357422 0.202765
2007.324219 0.205756
2014.160156 0.205392
2009.521484 0.204140
2018.066406 0.203890
2017.578125 0.204400
2012.451172 0.203741
2014.892578 0.203585
2008.300781 0.203058
2013.671875 0.205749
2016.845703 0.204573
2008.056641 0.205934
2013.427734 0.202209
2016.601562 0.201961
2015.380859 0.204691
2005.371094 0.201921
2010.253906 0.203603
2012.207031 0.202423
2020.996094 0.203886
2011.474609 0.204773
2006.835938 0.202919
2010.253906 0.203911
2017.578125 0.205323
2009.521484 0.204400
2012.695312 0.203909
2009.765625 0.205351
2014.892578 0.204297
2018.798828 0.202848
2010.742188 0.204984
2013.183594 0.202881
2013.916016 0.204260
2010.498047 0.203248
2016.357422 0.203339
2010.253906 0.203855
2013.916016 0.203174
2016.113281 0.201974
2011.962891 0.203782
2012.451172 0.203070
2017.333984 0.203259
2007.324219 0.203306
2016.357422 0.204747
2011.230469 0.204532
2011.230469 0.203048
2007.080078 0.202655
2023.193359 0.205583
2013.427734 0.203874
2016.845703 0.202047
2012.939453 0.206182
2017.333984 0.205427
2019.775391 0.203311
2016.113281 0.201259
2011.718750 0.205293
2015.625000 0.204533
2011.230469 0.203706
2007.568359 0.203788
2013.183594 0.202513
2016.601562 0.204167
2002.685547 0.204809
2005.615234 0.203778
2010.742188 0.205125
2013.427734 0.202972
2018.798828 0.202566
2015.380859 0.205236
2013.916016 0.204030
2005.371094 0.202876
2007.080078 0.204200
2009.521484 0.202405
2012.207031 0.203551
2009.765625 0.202081
2012.939453 0.204133
2011.230469 0.204866
2013.671875 0.203459
2017.822266 0.203704
2012.207031 0.203141
2014.892578 0.204513
2014.648438 0.204133
2010.009766 0.203761
2016.601562 0.205674
2019.531250 0.204583
2014.648438 0.205190
2008.544922 0.203729
2015.136719 0.203148
2019.287109 0.203917
2019.042969 0.203573
2009.765625 0.207243
2006.347656 0.205636
2013.427734 0.203838
2014.648438 0.204263
2020.751953 0.204306
2018.798828 0.204450
2010.498047 0.204754
2010.986328 0.203703
2016.357422 0.204366
2019.287109 0.202570
2011.474609 0.202865
2005.859375 0.203392
2008.789062 0.203999
2013.183594 0.202876
2014.892578 0.204311
2016.845703 0.203281
2015.136719 0.204497
2019.042969 0.203535
2015.625000 0.203033
2009.033203 0.205284
2012.451172 0.202320
2014.648438 0.203755
2008.544922 0.202861
2015.869141 0.203944
2014.892578 0.202188
2012.451172 0.204310
2014.160156 0.202561
2010.742188 0.203469
2015.136719 0.202824
2017.333984 0.201835
2008.300781 0.203981
2005.859375 0.204072
2010.742188 0.204686
2021.972656 0.203492
2011.718750 0.203686
2024.902344 0.204747
2015.869141 0.202773
2012.207031 0.206392
2020.019531 0.203906
2012.695312 0.204101
2004.150391 0.204399
2010.498047 0.203725
2014.404297 0.203087
2017.333984 0.203492
2013.427734 0.203159
2004.882812 0.203552
2009.521484 0.203016
2018.310547 0.204650
2015.136719 0.203537
2019.042969 0.203096
2006.347656 0.204600
2017.089844 0.204819
2013.671875 0.204424
2006.835938 0.202918
2017.333984 0.203621
2007.568359 0.204160
2016.845703 0.204496
2013.183594 0.205374
2012.695312 0.203419
2019.287109 0.201071
2011.474609 0.204262
2009.277344 0.202130
2010.986328 0.202748
2009.033203 0.203575
2011.474609 0.203103
2018.310547 0.203981
2016.601562 0.204608
2016.601562 0.204770
2015.869141 0.202226
2022.216797 0.202221
2022.216797 0.204794
2018.066406 0.203664
2007.080078 0.204071
2018.798828 0.203346
2016.845703 0.202168
2012.939453 0.204775
2020.751953 0.201722
2018.310547 0.203950
2007.080078 0.205137
2011.962891 0.204833
2012.451172 0.204325
2019.042969 0.203849
2010.009766 0.202138
2007.568359 0.202684
2013.183594 0.203442
2001.464844 0.203772
2018.066406 0.202332
2020.507812 0.203909
2008.789062 0.206479
2010.986328 0.203486
2015.869141 0.203058
2018.066406 0.204463
2015.625000 0.202602
2008.056641 0.204306
2005.371094 0.205596
2017.089844 0.204450
2007.324219 0.203663
2018.066406 0.204480
2010.009766 0.203690
2009.521484 0.204796
2020.507812 0.204810
2012.939453 0.203822
2016.845703 0.204130
2017.822266 0.202851
2022.216797 0.201498
2022.216797 0.206044
2009.277344 0.205488
2018.310547 0.203338
2010.253906 0.203070
2006.591797 0.204181
2021.972656 0.206175
2011.230469 0.206461
2012.451172 0.205654
2021.972656 0.203675
2000.976562 0.203773
2012.207031 0.203903
2009.765625 0.202768
2008.300781 0.203819
2014.648438 0.201189
2016.357422 0.202945
2005.859375 0.203552
2015.625000 0.203011
2018.310547 0.203792
2006.835938 0.204198
2010.009766 0.203702
2022.949219 0.204442
2019.287109 0.202673
2006.591797 0.203849
2013.183594 0.205193
2006.591797 0.204531
2007.812500 0.202307
2005.371094 0.202082
2004.638672 0.204405
2007.080078 0.202733
2005.126953 0.204495
2018.066406 0.206113
2011.230469 0.203011
2013.427734 0.202378
2018.554688 0.202789
2014.648438 0.203622
2013.183594 0.202591
2017.578125 0.203604
2014.404297 0.203273
2012.207031 0.203284
2009.033203 0.203201
2018.554688 0.204144
2001.953125 0.205128
2011.230469 0.205939
2013.671875 0.204975
2009.765625 0.204149
2014.648438 0.202640
2012.695312 0.204315
2000.488281 0.201685
2003.906250 0.204802
2014.404297 0.204937
2009.033203 0.202091
2008.544922 0.201174
2023.681641 0.203570
2017.578125 0.204527
2012.451172 0.202576
2013.183594 0.204885
2024.169922 0.204016
2009.521484 0.205208
2011.474609 0.205040
2021.728516 0.202866
2015.380859 0.204254
2010.986328 0.205768
2010.986328 0.203134
2006.347656 0.205684
2013.671875 0.203833
2015.136719 0.203488
2017.822266 0.203641
2014.404297 0.202780
2009.521484 0.204811
2013.183594 0.203523
2012.695312 0.203097
2010.742188 0.204855
2016.113281 0.203349
2014.648438 0.205325
2006.103516 0.203883
2013.671875 0.205922
2016.601562 0.205775
2011.962891 0.203705
2006.103516 0.203425
2003.662109 0.203774
2015.625000 0.202440
2013.183594 0.203345
2013.671875 0.202053
2016.357422 0.204072
2003.417969 0.203814
2011.230469 0.202657
2016.845703 0.205436
2009.521484 0.204216
2009.765625 0.205462
2012.939453 0.202086
2004.638672 0.204799
2017.578125 0.204985
2012.695312 0.204506
2015.869141 0.202823
2008.544922 0.204226
2015.869141 0.203304
2009.033203 0.203851
2013.183594 0.204023
2011.230469 0.202337
2021.972656 0.203956
2012.451172 0.204690
2011.718750 0.205661
2018.798828 0.203433
2008.544922 0.202292
2013.916016 0.205658
2008.789062 0.202977
2013.671875 0.201920
2005.126953 0.201816
2015.869141 0.205186
2010.009766 0.203353
2009.521484 0.203628
2015.136719 0.202611
2011.474609 0.202696
2006.591797 0.201674
2016.845703 0.201939
2012.207031 0.202938
2025.390625 0.202054
2007.080078 0.204682
2014.404297 0.204421
2013.183594 0.203856
2012.207031 0.205505
2010.009766 0.205163
2012.695312 0.203453
2008.789062 0.205010
2018.066406 0.203008
2008.544922 0.205701
2023.437500 0.205873
2007.568359 0.206095
2007.812500 0.203408
2009.521484 0.203884
2014.404297 0.203065
2013.427734 0.203527
2016.113281 0.205118
2015.380859 0.203588
2012.939453 0.206584
2003.906250 0.203627
2006.591797 0.204339
2016.845703 0.202008
2020.507812 0.204183
2004.150391 0.204715
2005.126953 0.204223
2014.648438 0.203632
2018.310547 0.204373
2012.451172 0.201557
2012.207031 0.202164
2010.498047 0.203464
2017.089844 0.205608
2016.113281 0.202724
2018.310547 0.202570
2020.996094 0.202743
2007.812500 0.203617
2011.474609 0.205233
2017.822266 0.204018
2002.441406 0.204360
2011.474609 0.202884
2004.150391 0.204175
2015.136719 0.204550
2014.160156 0.204059
2006.591797 0.203723
2011.718750 0.205391
2010.009766 0.203213
2010.253906 0.205032
2010.498047 0.203818
2017.578125 0.202960
2014.648438 0.200609
2015.625000 0.203320
2015.625000 0.203832
2009.033203 0.205063
2010.009766 0.203450
2021.240234 0.202422
2011.718750 0.203478
2011.230469 0.203475
2014.160156 0.204711
2014.404297 0.204765
2011.230469 0.204088
2019.531250 0.203972
2010.009766 0.202978
2015.380859 0.203651
2011.962891 0.205247
2010.742188 0.204490
2009.033203 0.203937
2020.019531 0.204552
2009.033203 0.204190
2019.775391 0.204512
2011.718750 0.205286
2017.578125 0.205128
2007.812500 0.203920
2009.277344 0.202692
2009.765625 0.200920
2007.812500 0.203242
2016.601562 0.201136
2017.822266 0.203795
2009.521484 0.205600
2008.544922 0.203093
2013.183594 0.205556
2015.625000 0.201903
2007.080078 0.202800
2009.033203 0.203683
2019.287109 0.203382
2018.798828 0.203852
2017.333984 0.204916
2009.765625 0.203317
2017.578125 0.204063
2010.742188 0.206106
2009.521484 0.205134
2015.136719 0.203445
2007.324219 0.203808
2017.089844 0.204499
2016.845703 0.203194
2014.404297 0.203529
2002.197266 0.203228
2015.136719 0.202932
2013.671875 0.202015
2011.474609 0.203982
2010.742188 0.203634
2016.357422 0.203417
2008.544922 0.204453
2009.521484 0.204452
2012.207031 0.203201
2025.878906 0.204373
2027.587891 0.204844
2016.601562 0.201616
2013.183594 0.204333
2011.718750 0.203802
2011.718750 0.204285
2017.822266 0.204422
2020.263672 0.204463
2012.207031 0.205662
2011.962891 0.204948
2013.916016 0.203504
2015.869141 0.203068
2014.160156 0.204856
2019.775391 0.202670
2014.404297 0.203226
2014.404297 0.204265
2015.136719 0.204043
2016.601562 0.203856
2011.962891 0.203785
2015.869141 0.204686
2010.742188 0.204178
2016.845703 0.203814
2015.869141 0.205480
2018.310547 0.203697
2013.671875 0.205413
2015.136719 0.205385
2012.207031 0.203469
2019.531250 0.201890
2014.648438 0.204233
2021.972656 0.202899
2012.939453 0.203550
2011.718750 0.203310
2016.845703 0.205500
2016.357422 0.202433
2010.009766 0.203548
2011.230469 0.204006
2014.160156 0.203906
2007.324219 0.202742
2009.521484 0.203866
2003.906250 0.205034
2010.253906 0.202700
2016.113281 0.202932
2008.789062 0.204235
2011.962891 0.203266
2018.066406 0.203469
2016.601562 0.202604
2014.892578 0.201909
2009.033203 0.205896
2013.427734 0.204203
2011.230469 0.202886
2010.986328 0.203939
2009.521484 0.205353
2015.380859 0.203026
2022.705078 0.202932
2005.859375 0.205580
2010.253906 0.204356
2019.775391 0.203806
2001.708984 0.204155
2016.113281 0.204280
2011.474609 0.202580
2004.394531 0.200738
2007.568359 0.205530
2006.835938 0.202199
2013.671875 0.202930
2022.460938 0.203320
2020.263672 0.204193
2018.310547 0.202991
2006.835938 0.204501
2011.962891 0.205048
2016.113281 0.204136
2010.742188 0.203009
2004.394531 0.205271
2014.404297 0.204245
2011.230469 0.202460
2008.789062 0.206156
2009.033203 0.203527
2010.009766 0.203910
2004.882812 0.203508
2011.474609 0.202934
2010.986328 0.204237
2012.451172 0.203981
2014.404297 0.202725
2020.751953 0.203076
2004.638672 0.203954
2011.718750 0.204876
2020.263672 0.203228
2015.869141 0.203144
2014.892578 0.203849
2020.019531 0.202373
2016.357422 0.205334
2018.066406 0.203592
2014.160156 0.204678
2010.986328 0.203183
2016.845703 0.202806
2012.451172 0.202730
2018.554688 0.202783
2012.939453 0.203646
2007.812500 0.201907
2015.380859 0.203133
2013.427734 0.201982
2005.126953 0.204083
2010.742188 0.203029
2007.812500 0.204364
2014.404297 0.205312
2011.962891 0.203338
2012.207031 0.205363
2011.474609 0.202785
2007.568359 0.203327
2021.240234 0.205043
2008.056641 0.204421
2013.183594 0.203772
2013.427734 0.203572
2015.380859 0.203703
2009.277344 0.204558
2009.033203 0.203472
2014.404297 0.203768
2016.113281 0.204604
2018.310547 0.202540
2013.916016 0.204461
2020.019531 0.203428
2013.671875 0.205030
2012.939453 0.204517
2020.507812 0.206234
2016.113281 0.202797
2012.207031 0.205785
2008.056641 0.203165
2011.962891 0.203934
2006.103516 0.203137
2009.765625 0.205012
2018.310547 0.201376
2019.287109 0.202914
2014.160156 0.203793
2012.451172 0.203482
2015.869141 0.204213
2013.427734 0.203470
2013.183594 0.204904
2013.671875 0.204332
2016.601562 0.202864
2015.136719 0.203515
2012.695312 0.204342
2010.742188 0.203815
2011.718750 0.202789
2012.207031 0.205209
2016.601562 0.204635
2014.892578 0.203214
2011.962891 0.203614
2009.277344 0.204518
2002.685547 0.204913
2010.253906 0.203769
2021.484375 0.204131
2023.437500 0.204452
2009.277344 0.201402
2018.310547 0.205423
2011.962891 0.202400
2006.835938 0.205086
2006.347656 0.202970
2010.742188 0.202780
2001.953125 0.204322
2015.625000 0.204163
2018.066406 0.204836
2008.789062 0.201356
2010.253906 0.204634
2008.544922 0.207056
2018.310547 0.205081
2006.835938 0.203291
2009.033203 0.203469
2013.427734 0.204853
2009.277344 0.204721
2009.521484 0.205256
2004.394531 0.204902
